783
485
524
483
474
482
499
513
488
487
482
480
490
525
484
507
511
497
480
474
474
494
486
508
500
487
483
476
482
493
494
490
495
518
490
484
476
498
519
487
480
463
490
474
474
493
497
478
499
525
473
465
497
506
502
509
488
527
498
501
509
488
500
494
495
484
474
492
515
506
496
491
506
481
478
480
475
524
496
471
519
516
479
511
501
495
466
507
480
477
498
479
480
492
481
521
482
479
532
477
495
483
482
484
474
473
498
501
509
495
478
554
488
479
490
512
480
493
483
467
490
491
485
526
506
522
508
476
492
472
518
530
487
485
488
491
478
482
483
475
498
467
481
482
484
481
481
514
484
467
570
519
495
484
483
480
490
475
479
477
479
485
479
477
490
490
494
487
480
495
479
476
499
506
474
484
487
493
486
490
491
523
493
477
495
493
505
473
485
477
499
472
495
482
517
505
491
798
513
484
494
498
467
490
474
481
498
491
485
495
489
490
506
488
486
491
486
484
522
497
501
502
485
480
524
482
529
497
481
485
496
504
481
488
472
489
494
480
473
524
475
489
491
485
508
494
489
469
489
469
487
479
499
474
494
524
481
502
479
525
477
488
483
481
473
465
489
498
483
510
482
483
503
502
530
474
526
504
485
476
520
507
499
495
482
485
483
478
525
497
491
558
512
513
511
478
510
497
496
489
507
492
482
474
485
485
497
486
472
501
483
489
484
482
482
485
475
482
497
546
481
484
492
479
493
492
494
525
492
471
570
513
498
489
506
477
493
494
478
493
480
484
479
489
516
482
481
478
480
475
475
502
481
465
472
478
476
498
480
472
472
513
507
497
582
474
490
465
474
492
475
470
498
517
505
522
474
489
567
473
469
481
481
487
476
476
496
526
483
524
475
481
475
477
490
471
504
482
493
488
480
499
470
482
473
481
501
472
499
489
516
469
496
483
495
483
483
475
478
504
505
501
471
486
476
485
500
490
465
496
476
507
496
487
473
467
491
499
495
486
487
522
474
476
508
484
468
486
492
488
486
482
594
513
492
482
476
479
506
475
510
482
487
486
478
473
503
475
481
476
475
481
510
488
519
476
509
502
476
477
476
516
470
473
478
495
507
480
521
477
489
477
506
508
524
473
490
488
481
509
465
490
527
483
515
608
476
469
481
518
489
517
500
489
498
481
491
482
521
468
488
484
490
502
477
471
476
477
489
498
500
492
515
479
494
502
487
500
473
548
486
472
493
505
478
485
509
473
508
472
491
476
490
505
524
467
485
493
514
487
478
483
481
477
527
500
473
479
489
480
486
476
510
481
491
478
484
497
496
475
475
495
487
489
475
482
499
513
497
492
487
477
499
481
470
471
489
525
504
508
512
481
496
500
493
518
483
476
490
480
504
474
486
476
481
483
475
498
492
495
472
483
595
462
476
482
477
500
481
470
518
481
473
491
499
524
481
480
484
513
529
477
477
474
484
492
472
484
478
499
496
483
499
480
474
494
489
483
493
513
479
462
477
481
480
483
472
488
463
512
485
498
485
468
490
500
477
486
482
486
485
492
513
491
477
507
501
475
498
497
522
476
485
489
490
525
478
485
469
479
471
517
512
508
959
1574
859
544
491
513
504
540
485
479
484
482
485
553
490
491
495
496
493
475
482
496
476
469
487
472
484
507
498
487
494
482
495
487
526
485
597
492
498
520
498
486
476
468
487
477
485
472
484
469
499
483
526
515
473
476
492
468
513
487
491
500
503
489
500
483
530
516
498
494
479
487
480
475
482
489
482
496
470
498
480
483
489
497
479
499
503
485
478
489
488
479
516
507
492
533
492
528
480
476
498
836
494
499
487
484
478
479
525
472
533
475
487
482
504
505
479
496
494
483
494
496
479
496
479
505
478
504
485
491
491
491
477
492
464
472
496
477
505
484
483
476
461
489
532
468
501
467
508
484
504
490
480
491
478
481
474
483
494
482
515
481
501
509
511
474
493
487
487
494
477
504
472
484
480
493
486
479
482
524
508
484
484
478
483
478
501
476
493
503
503
467
476
493
475
478
491
488
500
489
477
484
487
481
480
485
474
481
490
477
489
490
491
477
492
470
474
476
465
482
476
473
480
506
485
473
501
505
474
477
486
482
493
482
487
502
488
481
473
491
476
497
483
477
481
517
489
476
541
473
482
476
494
532
483
520
494
493
513
482
472
501
503
495
489
496
493
485
498
496
478
494
490
483
498
482
471
503
572
495
495
514
479
476
488
476
469
474
556
473
525
494
510
480
478
472
487
527
481
500
513
489
477
502
501
478
471
496
468
525
489
509
517
484
522
499
480
567
495
492
470
481
486
488
478
506
495
582
475
523
494
492
474
487
508
474
532
481
483
486
474
487
499
487
496
491
480
483
467
472
503
482
480
481
478
508
481
477
501
500
471
506
537
488
480
479
486
492
480
476
468
517
519
488
491
471
509
488
479
587
481
506
490
477
471
492
479
490
480
477
494
508
501
508
474
504
497
483
522
517
524
490
498
504
478
479
471
502
500
529
492
487
478
480
484
481
504
479
489
500
478
470
485
476
501
480
480
482
493
554
496
465
476
497
471
475
485
531
490
470
485
494
478
526
480
471
478
489
514
507
481
476
480
472
478
491
469
484
490
487
506
470
473
490
495
489
493
474
484
493
494
490
480
490
505
480
487
476
471
498
529
478
506
489
491
486
491
497
477
499
489
491
500
479
491
474
486
480
490
480
500
483
479
474
509
492
494
479
526
526
477
500
486
491
483
477
483
523
475
491
474
488
480
487
526
478
486
502
504
478
490
483
503
467
500
489
530
504
481
482
473
506
490
497
473
525
474
493
480
493
473
479
491
486
470
481
478
499
498
479
485
475
483
522
495
495
485
502
496
493
476
489
479
471
517
474
472
508
485
476
929
1272
1096
585
500
482
476
495
529
493
510
479
480
576
467
490
483
462
468
492
504
481
484
490
508
496
506
486
503
503
471
485
474
488
475
498
484
478
503
477
482
521
482
527
480
529
484
491
462
494
477
474
522
478
492
520
475
511
473
482
475
488
475
478
489
468
493
478
487
494
480
491
478
478
484
475
483
486
501
500
506
519
486
491
499
492
472
481
500
503
491
486
495
490
496
503
479
478
479
495
501
501
556
480
488
477
475
475
525
475
487
476
514
516
500
519
1087
1173
1379
694
499
510
483
480
483
850
493
501
492
473
482
502
482
479
480
472
489
491
477
494
475
483
481
493
625
481
493
534
494
489
492
497
485
465
471
479
475
527
511
471
477
470
517
496
525
474
487
498
483
483
476
503
476
493
502
483
478
485
494
487
513
511
519
465
476
491
505
498
498
502
479
481
491
474
474
488
476
519
489
507
496
471
497
513
503
476
521
505
516
511
486
478
480
473
472
510
488
491
498
482
473
487
476
494
491
477
470
479
504
497
502
510
585
485
497
480
481
481
503
513
470
500
482
474
474
485
479
468
479
489
509
480
500
489
488
482
498
508
476
521
485
477
519
463
495
475
478
482
486
478
476
477
486
479
479
488
480
497
497
490
489
478
530
517
486
478
469
480
496
495
527
476
481
474
480
501
485
485
477
497
484
487
482
492
478
484
467
503
505
497
484
512
493
490
491
503
527
476
532
479
482
472
471
500
490
484
484
502
474
486
486
505
484
485
494
471
501
502
512
494
502
493
493
498
526
529
469
488
484
517
534
487
477
475
495
475
492
482
474
475
486
515
476
491
473
530
487
520
479
483
484
510
500
471
518
491
484
486
489
465
494
476
493
485
478
482
490
493
526
477
501
498
498
474
498
488
477
477
512
517
468
484
492
481
499
486
471
477
493
489
499
487
479
473
479
500
466
486
502
491
485
475
472
481
515
480
471
486
497
482
490
517
521
487
475
473
481
488
472
473
512
477
481
502
494
470
481
514
471
470
505
493
480
478
488
509
503
484
519
500
507
490
494
471
485
486
489
530
484
482
533
484
486
487
474
494
486
469
480
492
513
485
507
483
467
533
481
473
497
490
468
477
496
497
493
502
486
493
525
492
484
488
498
479
504
505
479
481
466
476
519
495
486
496
476
508
465
499
496
484
519
479
475
475
478
486
483
491
475
485
491
492
481
480
488
496
499
476
534
469
498
500
474
493
476
478
482
497
511
497
477
493
490
500
479
490
513
509
490
472
518
477
475
474
492
501
481
477
480
492
521
487
488
526
487
520
478
509
487
538
475
493
470
477
494
482
482
523
471
486
539
529
490
474
488
471
473
500
499
490
477
496
487
476
486
511
494
492
488
493
475
501
500
468
478
478
475
474
486
481
511
478
539
484
492
513
475
477
478
474
474
496
491
488
491
494
486
473
487
476
516
531
469
479
506
478
487
511
472
523
472
475
502
510
469
501
489
489
490
483
493
482
493
506
489
486
494
485
470
498
485
488
497
489
466
472
498
480
507
493
513
470
475
518
513
486
490
517
479
476
476
498
463
493
493
497
469
478
473
529
495
472
484
476
491
503
507
516
484
477
506
476
492
488
495
475
498
482
473
469
509
489
498
496
478
477
488
514
478
486
525
482
482
904
503
472
484
509
496
486
494
482
488
483
484
467
493
490
502
483
509
520
523
479
499
487
472
489
476
495
492
495
524
484
498
492
478
502
484
468
473
473
487
469
468
481
493
498
514
506
497
487
471
486
475
482
490
476
484
486
477
523
505
491
504
503
472
493
483
488
488
521
478
490
488
486
477
504
502
481
480
470
501
479
484
481
517
468
490
518
490
491
494
503
491
475
485
484
564
481
480
514
485
491
492
474
496
500
477
477
481
482
469
499
489
527
476
497
476
478
483
490
485
476
501
470
507
484
474
481
498
494
478
497
493
491
489
466
499
485
469
480
477
478
523
476
492
477
613
472
478
511
475
479
492
504
482
478
486
506
486
495
487
473
478
490
505
496
490
470
494
516
489
475
499
482
503
506
467
481
507
479
478
546
478
475
495
472
505
495
484
513
483
496
478
470
502
500
499
511
497
472
511
477
491
475
518
505
511
467
467
496
476
483
475
472
520
477
488
475
486
502
489
483
485
499
494
483
507
476
487
474
507
504
466
525
474
467
480
481
520
506
491
495
481
472
480
480
493
482
493
496
524
489
490
500
493
483
477
502
475
480
524
497
466
477
527
488
494
481
999
1575
856
480
1286
1382
690
473
470
472
474
492
495
470
493
494
517
498
478
479
464
484
514
526
496
469
497
479
487
480
479
485
482
500
483
491
503
488
481
486
498
494
499
529
498
478
487
501
497
487
490
477
486
479
488
479
526
485
491
484
500
496
477
493
477
487
485
489
478
533
481
524
499
478
493
489
493
482
483
471
473
488
523
490
501
495
513
530
523
476
509
483
491
472
484
471
480
473
488
474
487
494
482
475
480
483
467
497
483
478
470
499
467
489
483
471
482
482
482
487
472
488
475
489
519
523
504
520
484
470
472
476
477
500
476
477
477
492
471
491
477
474
478
489
559
494
499
478
497
510
474
479
481
522
481
509
469
567
499
476
494
505
476
476
503
494
479
485
525
481
483
598
505
465
485
490
521
495
488
472
517
478
496
487
491
483
503
477
472
479
474
478
473
495
501
484
480
501
464
502
479
478
480
530
937
1575
855
478
469
490
470
469
484
474
482
528
490
499
491
473
482
504
484
521
483
483
513
475
471
497
537
497
480
528
481
488
476
479
482
489
483
478
496
470
478
494
495
516
464
485
527
498
488
478
504
512
497
482
515
476
528
494
490
510
508
496
481
498
466
475
490
497
476
478
501
488
471
515
517
481
490
482
489
482
488
518
499
522
487
507
476
505
497
504
504
515
521
481
495
514
512
487
640
487
496
523
479
496
488
517
500
477
489
498
497
476
518
480
483
495
497
474
517
478
506
495
507
494
496
477
487
485
873
498
483
535
489
489
502
485
471
501
505
503
504
513
476
489
543
503
481
509
511
502
478
472
515
500
482
519
498
472
673
490
489
508
484
474
510
536
481
486
480
491
493
528
474
482
507
531
485
519
477
501
479
474
501
492
510
478
501
472
498
475
513
480
485
491
488
513
522
468
473
487
487
496
473
505
481
491
482
509
476
477
476
493
469
507
495
508
480
476
495
481
488
491
486
483
480
486
492
481
484
490
489
484
492
497
483
483
474
491
522
485
488
493
486
475
535
532
488
478
486
479
468
500
493
501
502
475
512
478
491
496
494
492
479
472
471
484
483
492
492
485
504
497
502
496
495
489
518
481
475
504
502
501
500
506
491
487
496
486
493
474
486
497
521
469
468
526
494
477
476
494
482
473
473
496
494
479
474
468
500
485
475
480
496
495
490
512
467
513
506
479
479
497
527
489
548
498
492
480
502
484
476
479
527
472
480
479
484
505
483
488
490
528
480
477
501
488
472
486
475
480
490
464
489
519
507
516
480
477
519
503
486
498
477
483
496
503
492
492
471
500
472
496
607
511
532
479
502
510
487
494
490
502
477
486
491
503
477
496
471
481
484
478
497
524
491
488
491
468
480
519
528
476
465
489
492
481
479
483
500
521
475
491
486
495
475
502
485
495
484
515
526
472
484
494
500
495
479
547
519
487
485
473
491
469
536
482
497
498
478
473
488
488
491
483
480
498
473
496
479
481
493
491
519
481
489
472
476
485
474
493
481
488
472
476
496
478
480
482
480
525
501
503
477
481
475
481
467
475
488
472
519
502
490
489
476
478
476
481
479
494
482
484
483
480
485
485
475
509
491
495
994
481
481
486
502
483
482
482
485
489
471
477
485
494
482
488
482
469
505
506
475
471
476
527
474
483
512
487
476
483
478
532
485
512
485
500
486
488
478
488
488
468
478
477
485
511
604
476
488
518
509
471
477
491
497
497
468
507
489
492
482
483
479
508
492
492
474
480
506
477
510
484
496
498
481
489
488
479
529
463
497
492
500
490
508
499
490
479
500
478
480
508
490
485
475
486
519
470
529
467
479
484
483
505
493
494
482
481
493
504
486
500
471
514
490
477
489
501
491
481
490
491
490
508
507
476
508
497
485
464
496
490
484
475
524
493
489
496
474
497
505
491
515
490
488
493
470
517
524
499
477
479
481
504
594
482
474
513
478
474
477
479
490
480
494
532
496
488
475
485
495
481
490
496
472
494
491
495
509
476
487
476
492
476
477
517
476
498
477
500
497
479
478
475
490
481
475
486
504
469
462
491
479
472
476
499
479
480
496
489
481
486
502
497
491
492
488
485
481
475
474
472
489
485
474
478
499
500
490
484
467
494
514
487
470
508
498
501
723
483
479
511
506
504
484
473
481
479
520
513
487
498
525
517
480
474
486
522
497
481
487
494
476
489
473
484
498
514
498
482
489
514
499
479
495
475
478
493
480
483
476
486
495
485
478
497
484
477
474
472
501
499
478
485
482
487
528
481
485
491
490
500
494
484
491
488
493
479
484
517
492
492
493
504
483
481
477
480
490
495
489
469
491
482
487
501
467
493
488
511
501
493
493
467
488
484
490
492
495
496
493
505
504
494
523
498
491
469
496
482
485
476
527
486
509
473
504
483
472
500
519
498
509
494
526
478
529
529
477
492
485
487
532
484
483
509
484
488
493
474
477
495
505
484
477
504
490
506
489
490
498
476
487
475
512
480
486
491
482
482
491
489
480
478
479
473
489
481
488
541
494
486
494
486
472
547
471
487
489
479
483
484
510
507
491
478
486
562
487
489
475
477
494
488
491
517
496
599
491
486
473
523
492
486
471
487
478
489
521
477
495
501
488
478
482
587
501
477
506
486
523
464
485
485
477
501
476
478
482
471
472
478
491
479
474
516
481
473
478
488
495
468
466
485
516
564
467
487
483
481
495
505
476
474
469
469
507
487
469
479
496
477
488
484
483
507
508
484
475
462
534
483
516
492
492
526
469
490
482
516
484
506
486
501
474
477
485
503
485
486
482
483
474
483
467
506
519
530
480
485
472
480
491
482
489
490
494
487
477
477
483
479
481
527
520
477
468
509
499
482
487
477
482
490
481
486
481
476
476
514
503
469
506
482
510
486
486
510
486
494
475
477
484
484
492
494
518
479
496
481
496
470
492
498
484
481
467
482
484
478
515
488
500
494
492
490
500
502
494
479
496
494
488
489
474
478
484
490
481
497
524
486
473
481
471
493
484
492
489
476
502
488
496
527
488
493
505
486
469
501
476
480
497
485
496
519
484
481
481
486
479
521
490
496
471
499
473
508
502
476
476
493
498
480
466
475
484
482
485
499
515
483
521
472
483
481
527
469
540
500
473
522
476
468
471
476
478
501
470
531
499
484
487
476
492
503
520
484
479
482
468
467
500
495
481
474
474
485
531
485
478
509
498
469
474
475
490
493
501
475
479
471
490
580
498
479
476
483
515
492
468
493
514
480
476
494
520
475
510
522
486
501
475
492
490
502
479
470
488
473
485
466
484
480
473
485
521
507
494
474
477
469
510
490
518
493
491
477
479
497
476
461
476
483
483
470
483
513
488
478
523
486
485
528
505
492
479
494
494
488
522
568
474
531
478
490
503
519
501
521
487
476
482
526
531
516
488
494
492
474
472
521
492
482
482
513
478
480
485
503
481
488
495
471
478
476
491
505
511
463
481
489
467
502
517
479
468
486
484
494
501
487
485
493
489
510
520
477
489
849
489
479
496
482
505
505
604
614
514
481
508
486
481
484
475
481
470
470
477
503
476
494
484
493
505
475
482
517
490
507
470
514
479
496
488
475
489
477
489
498
499
496
479
501
505
481
498
520
488
503
511
484
493
468
513
478
511
491
487
482
488
481
476
477
518
489
497
489
490
506
490
495
471
493
476
490
492
486
476
490
488
479
530
500
479
482
510
503
488
480
496
485
493
489
478
493
470
536
491
486
480
471
514
491
490
473
474
471
495
486
473
471
485
487
495
475
505
497
476
469
537
503
489
474
492
473
461
500
480
490
485
496
469
497
491
475
474
504
476
480
479
513
483
477
471
474
517
499
475
474
483
504
494
468
472
487
577
482
524
488
476
513
469
473
480
497
491
532
474
479
493
507
490
489
478
474
493
483
484
477
508
471
469
489
495
500
480
486
514
507
476
464
487
497
480
482
487
479
477
476
506
532
507
480
469
526
507
478
485
541
481
500
465
501
475
547
489
477
497
512
501
476
490
482
474
489
498
488
478
509
488
477
479
472
483
491
515
511
479
488
500
498
488
495
478
481
474
490
497
490
482
530
488
477
486
482
479
486
491
474
511
498
481
485
482
491
493
490
489
509
487
494
499
468
490
492
508
790
1004
1575
1414
504
477
472
474
500
498
492
496
479
486
483
498
485
503
483
489
510
486
498
479
587
473
523
481
523
492
517
480
480
486
475
504
487
477
469
486
471
501
477
528
478
474
485
481
512
474
498
486
483
486
480
490
494
477
473
511
471
480
491
482
490
494
492
502
479
474
496
487
484
487
465
479
487
471
478
479
494
488
512
505
482
482
480
485
484
471
489
489
479
487
513
484
479
508
503
529
529
476
492
531
490
479
493
491
531
488
501
479
577
476
488
487
500
475
485
503
488
470
486
471
484
474
486
480
477
494
472
518
470
463
504
484
470
494
478
483
489
494
488
498
472
485
478
471
502
524
487
488
481
475
501
476
463
496
469
474
477
493
492
493
470
485
506
511
476
489
502
493
470
482
483
494
468
477
518
482
485
476
477
475
483
489
491
487
472
490
501
485
490
472
473
484
491
476
488
486
519
482
486
485
474
492
486
491
479
480
474
480
504
507
490
471
484
477
477
476
496
467
468
494
496
499
498
496
510
493
501
476
500
487
487
485
469
481
516
483
486
496
499
483
485
469
520
483
484
504
475
485
473
486
498
519
483
478
500
473
478
468
488
484
494
497
473
502
493
498
489
474
482
485
481
470
504
484
534
472
506
475
495
527
508
484
490
529
491
491
476
473
489
489
478
466
502
489
482
491
506
480
505
475
604
472
488
473
525
472
478
506
485
484
473
525
470
476
486
470
485
474
480
487
492
470
487
483
509
721
506
482
477
471
524
473
488
468
494
480
479
493
472
492
488
478
492
484
493
473
478
477
522
476
472
505
500
492
523
507
493
480
504
470
479
482
490
478
473
502
490
500
492
503
482
553
486
480
478
479
474
497
482
492
473
482
501
491
499
501
472
496
476
480
484
481
502
502
484
489
480
480
487
478
473
478
496
518
493
505
503
490
485
485
499
480
472
485
472
483
494
498
479
506
500
488
490
530
503
489
488
476
478
465
555
485
493
522
527
485
522
481
531
487
490
604
487
480
469
483
473
481
473
486
481
481
475
479
492
475
494
507
498
486
499
487
481
484
469
479
480
519
491
483
526
497
489
479
480
521
484
496
491
528
510
490
497
476
501
500
476
490
502
493
482
482
492
528
490
483
487
487
487
477
514
516
496
505
497
483
499
482
482
487
495
477
469
490
498
465
490
488
479
475
487
484
477
499
500
491
489
505
567
472
485
472
522
486
490
480
482
480
472
492
485
488
522
476
502
489
493
517
487
480
486
478
476
490
499
483
520
522
498
512
474
465
467
477
482
486
494
468
510
477
533
480
527
483
484
497
490
507
518
480
500
489
469
501
502
493
503
493
471
474
496
481
477
499
518
476
471
480
487
512
490
497
486
475
476
499
480
487
487
489
476
479
491
514
490
498
522
480
486
498
507
488
470
482
506
480
486
504
492
500
480
473
504
494
511
481
497
502
479
484
473
501
464
481
489
491
488
472
493
502
479
491
494
479
496
494
476
471
496
484
501
503
464
482
467
524
480
528
493
482
495
485
480
490
499
483
477
486
483
517
472
525
494
472
508
500
495
468
478
475
489
465
490
474
480
485
496
471
484
509
475
496
510
493
595
474
481
482
529
479
470
475
487
493
485
474
524
595
491
497
520
494
476
476
508
480
483
513
490
470
506
472
522
521
494
478
497
527
489
472
520
491
485
489
478
512
472
485
491
498
494
473
474
481
480
475
513
505
474
482
489
491
492
471
479
475
493
511
487
477
484
495
485
495
474
494
474
498
526
503
488
503
483
481
477
486
488
539
484
486
472
481
476
488
483
479
503
504
468
468
493
480
490
490
492
469
468
488
475
508
475
486
491
485
478
528
525
497
468
498
477
484
470
507
520
496
521
496
477
479
500
495
497
564
528
475
495
510
481
480
485
477
479
485
518
478
513
486
484
492
492
509
479
481
477
477
482
490
486
499
488
468
478
498
488
479
499
501
483
479
480
499
484
476
486
470
478
483
490
475
492
