558
504
478
501
471
472
510
484
486
486
499
486
492
484
516
489
470
501
507
504
518
504
493
477
496
467
473
479
498
496
481
471
510
477
484
532
519
475
566
485
472
499
475
483
468
502
480
502
491
542
485
489
515
476
473
472
486
502
491
488
477
476
503
486
523
477
516
492
481
464
481
498
482
467
500
477
476
475
536
482
487
474
480
500
492
2
486
526
489
507
467
470
491
507
506
475
481
516
478
522
482
495
505
482
485
503
0
465
1652
568
548
557
547
578
538
557
607
564
2
539
636
565
570
557
549
565
551
541
556
618
568
546
557
549
555
565
552
556
566
560
3
566
558
552
507
485
519
495
508
478
0
499
484
468
475
479
497
0
490
484
494
492
470
1
473
497
481
1534
548
551
2
570
1
557
559
554
2
3
544
550
537
564
558
2
570
604
542
2
544
2
1
1
571
558
564
556
567
553
550
0
568
559
2
544
483
495
1
636
484
2
492
487
0
502
488
499
480
0
494
502
0
479
0
487
476
504
487
0
489
505
476
1
3
520
498
494
498
0
475
476
485
505
2
480
494
2
503
524
3
483
478
486
503
1
2
510
485
477
471
501
814
487
489
488
1
484
2
471
3
477
0
470
474
472
489
468
478
3
477
482
493
495
467
489
484
474
526
520
0
2
481
483
2
480
473
3
620
493
486
485
500
479
483
488
508
485
477
2
465
1
1
4
493
1
482
1
502
493
1
482
3
0
496
476
525
1
3
483
1
484
507
477
493
525
2
489
482
3
521
465
483
493
481
498
490
2
2
520
498
1
480
3
490
502
3
1
3
521
2
2
1
2
478
1
491
537
3
496
476
1
473
1
1
2
508
522
481
478
2
496
491
490
1
483
1
522
1
484
2
3
1
481
2
507
0
2
470
2
1
489
2
478
502
481
2
3
3
474
0
484
484
2
1
485
530
532
1
491
497
500
529
494
465
475
472
0
2
513
2
478
3
477
0
524
3
471
470
484
474
488
2
492
0
3
1
473
1
0
487
498
467
467
0
2
485
1
0
550
535
471
490
545
1
479
2
483
2
3
491
2
489
0
3
3
3
481
1
491
0
487
2
515
483
2
2
554
480
483
495
527
1
2
478
484
488
482
473
493
479
3
3
3
2
0
487
485
2
492
527
497
509
2
470
2
2
2
2
496
482
503
0
473
490
1
504
478
476
490
1
1
1
482
504
2
499
1
526
491
1
2
1
0
490
1
0
1
515
2
479
0
512
494
1
484
2
2
478
503
2
3
2
483
489
473
480
0
3
479
0
496
483
2
474
0
3
0
486
490
0
1
2
2
2
480
477
479
0
3
2
461
482
501
1
487
492
477
477
489
1
488
505
2
3
528
2
490
472
2
2
0
3
0
2
475
482
0
476
2
479
1
495
502
475
1
525
475
1
501
2
2
2
0
510
479
1
0
475
0
1
482
477
492
497
2
1
489
499
0
2
486
1
2
476
2
4
1
479
483
4
476
2
485
497
1
484
2
3
2
486
485
0
3
2
488
1
475
482
0
0
475
1
1
498
2
507
2
1
474
514
3
488
489
2
4
2
2
476
1
1
0
0
484
470
3
479
0
480
2
1
0
470
2
484
497
0
3
516
470
1
2
495
482
0
1
486
2
2
1
2
1
488
514
1
481
3
481
2
2
471
3
3
0
2
481
492
576
492
497
476
0
552
1
2
1
2
3
480
1
1
3
479
0
1
474
481
0
1
472
3
1
2
2
1
2
478
2
1
478
506
1
3
2
496
468
1
2
0
0
486
2
2
0
509
2
477
467
2
491
484
473
493
489
496
480
1
1
498
477
475
500
475
501
2
2
507
2
2
2
489
0
2
522
1
489
2
1
489
0
475
477
489
2
484
484
2
475
2
1
490
3
2
2
491
2
2
477
483
0
1
2
491
475
0
481
2
474
479
494
2
1
2
467
2
506
0
2
1
0
501
2
484
475
0
476
0
1
1
467
522
2
3
479
470
518
3
485
584
2
3
2
473
482
0
517
3
2
497
478
2
2
0
493
1
2
498
2
484
2
3
470
3
513
1
0
484
485
1
2
482
2
2
476
501
2
3
2
2
0
490
2
499
2
490
2
1
470
3
2
3
2
477
511
2
506
505
0
1
467
1
2
1
2
484
5
1
484
0
3
0
2
467
502
2
536
462
491
1
1
1
494
1
508
11
55
1
491
0
3
1
485
0
1
1
473
502
485
478
481
0
482
490
1
471
0
2
2
1
3
3
529
1
2
2
468
500
530
2
0
476
0
1
501
1
1
475
502
1
480
522
515
0
597
2
0
478
2
0
2
3
480
1
1
2
2
1
2
0
475
0
3
471
2
466
511
524
2
0
499
0
495
490
2
3
494
2
2
478
2
467
483
0
477
490
2
2
1
2
1
1
2
2
1
482
2
483
2
508
502
503
1
1
0
2
1
492
497
3
3
0
3
2
2
2
484
2
2
3
2
2
478
2
470
498
3
465
483
2
2
517
3
2
1
500
2
1
2
2
2
1
2
486
488
2
0
3
0
567
1
2
1
493
479
3
2
514
3
3
1
502
2
2
2
2
1
0
0
1
3
5
500
2
3
494
1
0
507
2
471
1
465
2
503
2
1
480
472
2
473
3
477
497
1
2
1
478
493
0
1
478
0
3
506
2
1
1
2
1
1
0
1
2
1
0
2
487
2
2
1
2
478
491
2
1
469
0
1
2
0
1
2
3
512
0
2
491
3
1
2
2
530
2
3
0
2
2
0
4
1
0
1
0
2
460
1
1
2
2
2
0
3
500
2
2
474
0
3
0
2
2
486
2
2
2
1
2
0
0
2
0
3
2
512
1
2
2
2
518
1
2
1
1
491
2
0
2
1
522
1
0
0
2
2
495
3
0
2
0
3
1
479
0
3
1
2
2
3
487
515
483
2
0
1
0
2
1
478
476
2
1
0
511
492
2
2
479
481
492
1
0
3
518
3
3
528
486
484
2
3
0
1
508
2
1
495
1
471
485
2
3
2
2
2
490
1
1
0
2
2
2
2
2
2
1
491
1
3
2
0
1
470
1
1
0
2
1
0
3
0
1
0
500
1
1
473
0
2
2
489
2
1
2
2
48
480
517
1
1
2
484
524
479
480
3
2
0
515
1
1
495
2
2
473
2
2
2
0
3
0
1
1
0
1
532
2
1
2
0
2
0
476
0
501
2
3
0
1
478
506
480
477
1
0
518
513
497
0
475
1
496
1
481
1
2
0
0
0
0
494
2
1
2
2
2
2
485
2
3
0
478
3
0
537
494
474
480
2
469
523
1
3
2
480
0
495
2
490
2
470
0
0
0
0
511
514
2
3
483
479
484
2
494
2
3
484
485
2
492
2
2
2
497
1
488
3
2
2
3
2
0
2
2
475
0
1
1
506
4
3
3
489
526
1
2
2
3
1
483
2
2
463
0
3
2
3
2
477
2
3
2
0
2
481
522
1
2
519
2
1
2
2
475
493
1
2
1
519
2
3
2
2
4
3
0
488
3
2
481
2
3
2
0
1
481
2
0
3
2
518
505
0
1
491
481
2
464
2
1
1
510
2
1
1
2
483
2
1
2
3
500
0
0
2
2
0
3
2
1
2
0
482
522
1
0
1
472
477
2
1
1
2
0
2
472
2
2
2
0
2
1
0
2
3
1
2
493
2
3
477
490
0
2
492
2
0
0
3
1
1
2
480
2
2
0
1
498
2
2
3
1
2
2
1
0
472
2
479
492
2
476
0
3
1
473
1
3
4
1
489
503
2
496
1
3
0
1
3
2
2
2
0
2
498
0
505
1
3
1
2
2
2
3
475
1
476
0
1
479
3
477
1
2
0
484
2
1
3
482
0
566
489
2
2
484
1
525
2
1
3
1
2
3
0
2
3
3
1
0
495
0
522
477
3
2
0
1
498
0
498
2
3
2
0
579
0
497
485
2
468
472
1
1
0
1
2
1
527
1
2
2
1
470
479
480
0
493
470
0
488
2
3
2
3
0
2
2
483
490
2
2
480
494
0
1
3
483
1
0
500
490
2
1
0
491
2
2
472
2
0
1
2
488
2
2
3
2
0
2
0
3
1
4
2
3
2
1
2
1
3
3
2
754
465
2
1
1
0
2
3
482
2
4
1
489
0
501
498
508
0
500
2
3
2
1
2
0
507
2
3
0
1
2
476
2
2
495
488
3
498
471
3
2
1
2
2
1
0
488
0
495
1
0
1
468
484
2
1
0
483
2
483
0
2
2
1
482
484
2
3
477
2
1
2
479
2
3
475
485
0
1
2
2
1
0
481
1
482
504
3
2
0
2
492
2
2
0
468
483
2
0
1
486
508
1
485
0
2
41
14
0
1
0
2
0
17
3
0
2
1
1
0
465
477
1
1
476
0
0
1
468
0
480
476
1
479
0
0
486
3
2
2
0
475
1
0
2
487
0
3
0
2
2
0
0
477
2
482
484
484
2
2
2
1
2
482
2
1
0
0
497
1
3
0
485
2
2
483
1
491
1
492
1
2
0
492
0
2
3
503
0
0
2
483
2
3
488
525
2
1
468
2
2
483
3
1
0
0
2
0
4
3
1
0
505
1
3
494
1
3
1
2
2
1
4
479
2
3
1
2
0
0
3
2
2
481
0
492
473
0
1
508
515
500
2
499
1
489
2
3
2
2
2
2
499
2
0
3
526
482
2
498
0
1
0
2
2
467
520
2
482
2
523
2
0
1
1
3
476
0
0
0
3
0
3
2
492
2
1
2
2
2
482
2
475
501
2
2
1
1
493
0
488
2
2
0
3
1
2
505
2
479
0
483
0
1
2
2
486
1
2
473
2
469
0
482
1
481
489
1
476
1
3
3
1
1
2
488
0
497
2
2
515
2
1
0
1
472
0
1
3
2
497
2
2
1
479
2
2
2
0
1
2
2
1
0
2
479
0
0
487
3
1
488
1
467
3
2
2
481
1
501
2
496
485
2
1
1
1
1
2
484
1
1
486
2
2
3
2
2
2
521
0
2
0
524
0
2
2
499
0
2
1
0
498
480
473
0
0
2
0
483
1
2
2
481
2
498
2
496
1
494
2
490
2
498
2
490
2
1
0
1
496
1
3
1
0
2
0
517
0
2
3
1
483
482
504
2
498
495
1
1
0
2
0
2
2
0
1
0
1
0
1
0
0
2
3
3
2
0
484
1
2
2
480
2
3
3
2
2
2
477
475
0
3
499
2
1
1
2
0
3
1
0
2
0
2
3
2
2
1
2
1
3
2
480
1
1
498
1
2
1
2
469
2
492
500
478
2
1
523
1
2
1
2
2
480
3
1
0
2
3
524
2
3
0
1
2
481
3
509
3
0
2
485
0
1
2
1
529
1
485
2
2
0
491
0
1
1
2
2
519
1
2
0
496
495
1
2
481
0
3
0
3
504
528
0
1
0
1
1
2
2
1
2
1
0
2
0
2
0
2
2
3
503
0
1
501
1
2
0
2
2
0
480
1
2
1
0
1
2
0
495
1
1
478
0
489
2
2
2
2
504
2
466
2
491
507
2
0
2
487
0
1
2
477
3
1
3
501
480
1
2
1
0
3
2
3
474
0
1
473
2
493
2
2
0
3
1
2
2
498
2
2
0
2
2
3
3
2
1
0
2
1
1
3
1
1
3
2
483
469
495
488
2
0
476
2
3
555
2
476
504
2
1
2
0
1
0
1
0
2
2
1
3
2
490
2
1
2
0
1
478
1
2
2
2
471
492
0
2
0
1
2
500
2
2
0
1
0
2
2
3
2
2
1
507
2
2
0
2
492
2
2
2
0
513
0
0
2
1
479
0
1
2
2
2
2
3
0
0
2
1
3
0
0
2
0
1
2
478
0
1
493
473
2
3
489
1
2
1
1
0
0
0
0
2
1
2
1
0
0
3
0
0
483
500
2
3
1
1
0
1
0
1
0
0
2
3
2
2
3
2
490
2
1
1
0
481
2
2
3
3
1
2
474
494
0
2
2
2
0
0
2
468
2
491
1
500
2
2
0
0
2
2
471
2
490
2
1
0
47
2
3
465
0
499
489
483
2
1
583
0
3
2
2
0
1
0
475
536
2
480
471
523
2
1
2
2
1
2
2
487
2
3
2
3
1
471
469
2
1
2
3
479
0
0
1
3
1
2
1
478
0
3
3
2
2
511
501
2
4
3
0
0
2
1
2
1
475
1
0
2
473
2
549
0
470
2
1
2
0
2
0
2
0
1
0
3
1
1
472
0
1
0
493
0
3
2
3
2
0
2
0
2
2
0
2
0
1
0
1
482
1
3
0
0
493
2
2
3
471
2
1
1
499
0
476
482
502
0
1
1
0
491
2
3
0
1
487
2
2
1
474
1
0
3
3
2
2
2
2
1
2
495
0
3
0
493
0
3
1
489
511
2
2
2
2
3
0
3
2
479
2
2
1
2
4
0
0
478
2
2
481
0
2
1
2
1
1
2
0
0
0
1
1
2
1
0
0
475
483
1
3
2
1
0
1
1
484
2
2
2
2
507
3
2
2
2
1
0
0
467
2
3
2
483
2
1
2
1
1
492
492
520
497
470
2
2
1
2
1
0
2
0
2
507
470
2
2
2
2
473
2
497
2
485
2
1
0
0
50
491
0
489
487
2
0
1
1
2
2
470
516
0
0
495
1
3
2
477
486
2
1
0
1
0
0
2
1
491
2
2
538
480
2
478
2
0
2
2
501
493
2
2
1
3
502
489
2
2
491
494
2
3
524
1
1
4
0
1
492
2
481
2
2
515
1
0
0
1
2
3
2
470
475
2
3
477
2
2
1
469
476
516
2
500
2
1
0
0
3
2
480
1
1
0
0
496
1
2
0
3
2
1
2
470
1
2
1
2
1
2
479
1
2
3
486
1
0
0
481
1
0
2
477
471
480
1
2
2
1
2
482
2
3
514
514
2
3
2
2
2
2
2
0
2
3
1
494
2
496
2
0
2
483
2
2
0
3
3
2
1
2
2
3
2
2
478
1
2
2
3
2
3
2
1
2
3
0
0
2
2
1
517
2
2
1
2
2
505
2
2
459
492
498
1
0
0
1
469
1
3
2
2
2
1
2
1
474
493
2
2
0
476
2
3
0
2
1
2
486
3
2
478
2
0
3
1
0
587
472
3
2
501
2
469
498
1
2
470
2
1
2
2
498
493
0
1
1
0
0
1
0
2
1
2
3
2
2
0
2
0
0
3
6
475
492
2
486
491
0
1
2
486
2
2
477
2
0
477
0
491
0
2
496
1
484
0
2
3
2
0
3
489
2
3
1
2
2
2
1
2
1
0
2
484
0
478
2
496
1
1
475
1
487
1
2
2
1
497
2
2
498
2
1
2
478
0
1
2
2
1
2
469
0
2
2
2
2
1
0
0
2
493
501
476
1
1
3
2
0
3
0
507
508
3
4
2
3
1
2
2
2
1
2
480
2
2
1
3
2
1
2
1
2
2
0
1
2
3
0
2
486
1
523
0
0
2
1
3
2
479
497
489
1
1
0
2
2
500
1
3
490
487
2
2
0
2
3
2
1
2
2
3
487
2
3
2
488
1
0
1
2
1
1
2
2
1
471
2
1
1
1
2
1
500
2
485
0
3
2
1
0
0
477
465
2
1
1
1
479
1
1
531
479
2
2
2
2
477
0
1
1
1
1
1
478
5
3
10
498
491
0
2
2
487
1
3
0
1
4
1
3
1
0
1
492
1
2
2
0
3
0
1
2
2
0
3
469
2
0
3
0
473
483
518
2
485
3
493
0
2
3
1
2
498
1
510
1
490
505
474
510
1
1
3
4
0
495
2
3
477
2
1
520
0
0
0
3
486
1
1
2
0
474
1
2
0
3
5
54
3
0
2
3
4
522
3
2
502
1
0
2
476
4
1
2
3
0
473
482
3
0
2
2
2
1
3
495
0
2
1
0
496
511
1
3
0
0
3
2
501
3
486
4
2
3
4
483
469
482
0
0
3
5
3
2
488
1
0
0
2
2
0
3
0
511
2
0
1
0
4
542
2
2
1
0
465
528
2
1
1
0
0
2
496
1
1
3
1
1
501
0
3
0
3
1
0
518
2
2
1
1
4
2
1
3
513
2
1
2
516
0
3
1
1
483
1
2
474
3
512
2
488
2
2
0
1
2
3
489
1
3
488
2
1
474
502
0
2
0
3
1
0
3
3
488
3
493
529
493
3
10
4
4
2
510
2
2
1
472
2
483
1
3
3
3
3
4
501
2
4
522
470
3
495
1
2
1
2
0
476
1
2
2
1
492
1
1
0
497
500
3
0
495
1
1
2
3
517
500
2
476
3
2
3
2
486
2
0
477
2
2
3
1
490
0
3
2
3
0
494
2
2
2
1
2
2
2
498
0
2
1
2
1
2
3
0
2
0
0
2
0
2
2
2
3
2
2
2
2
2
2
2
2
2
2
2
478
0
483
1
513
0
498
2
1
478
1
501
2
488
2
2
0
0
1
505
0
3
504
0
1
0
1
575
0
1
479
2
0
0
477
473
0
4
2
0
2
482
2
0
1
483
2
1
0
491
511
2
3
2
3
494
0
1
499
487
2
3
1
1
2
2
0
1
1
529
469
0
3
2
521
0
477
480
2
2
490
0
3
0
475
2
1
0
1
499
2
1
2
3
0
2
1
0
2
2
502
2
2
3
0
0
2
516
2
1
471
2
480
1
1
0
488
2
1
0
2
1
1
2
483
517
2
1
2
2
1
0
1
521
1
2
2
0
483
2
2
481
481
0
1
2
2
3
2
0
2
1
1
0
486
2
2
1
477
0
496
496
1
1
2
483
1
2
0
2
1
1
2
1
2
2
0
465
2
3
1
2
526
3
2
478
2
0
3
3
492
2
498
2
499
1
2
1
0
2
3
2
2
482
2
2
1
1
1
0
0
496
2
3
511
2
510
2
473
486
2
1
0
0
0
2
0
482
2
2
484
2
2
0
480
2
3
2
0
2
3
2
520
2
478
489
2
1
3
1
0
496
1
490
0
1
2
2
485
2
3
491
0
3
479
1
489
1
2
0
472
1
1
2
1
479
0
3
2
1
0
2
2
1
2
1
1
0
476
2
490
0
2
489
1
0
0
0
1
492
0
502
1
1
2
2
1
2
0
0
2
2
535
475
0
2
1
0
0
0
2
2
2
2
1
481
2
472
2
0
483
0
488
0
2
479
496
513
0
2
497
0
0
2
0
501
492
3
2
0
514
1
2
1
2
550
4
483
1
3
3
2
2
0
2
491
0
2
0
1
507
496
0
2
473
0
2
495
479
471
2
488
0
1
472
500
508
2
1
0
0
474
2
3
0
3
2
3
483
1
2
3
567
2
530
2
2
2
2
3
1
489
0
1
2
2
2
3
0
3
0
0
489
1
3
0
2
2
3
0
491
3
2
3
2
1
484
470
3
2
503
0
2
492
2
2
610
0
471
480
2
1
0
1
1
3
2
2
2
487
2
474
2
1
2
2
482
2
1
2
0
2
2
2
489
2
1
0
1
0
2
2
2
2
0
1
0
476
2
1
508
496
477
3
2
497
2
474
1
0
2
477
473
0
4
2
1
1
524
492
2
489
2
2
3
1
499
3
465
2
1
1
3
2
2
2
2
1
480
0
1
0
2
1
2
1
476
0
1
0
2
489
2
483
2
2
2
1
2
2
1
0
1
2
3
2
2
481
1
482
1
0
2
0
472
1
2
2
1
3
2
2
0
2
1
515
3
2
1
2
0
3
0
3
3
0
527
490
18
4
4
0
0
3
492
514
7
2
2
2
473
2
2
0
474
0
1
1
0
1
0
3
2
2
3
2
3
3
3
485
478
2
1
0
2
2
0
1
749
500
482
2
3
3
3
475
482
477
0
2
0
3
2
0
0
0
0
2
1
483
2
1
487
0
0
1
0
0
3
0
493
476
2
498
495
0
493
0
1
2
2
491
505
525
2
3
2
3
0
3
2
3
2
2
0
2
470
507
0
2
3
3
2
2
2
499
0
4
546
4
498
0
3
475
490
2
3
3
0
2
1
2
489
0
2
2
2
0
1
2
493
2
3
3
477
2
1
0
2
2
484
487
479
1
3
3
2
0
1
0
2
0
2
0
473
2
0
1
499
480
0
2
0
1
2
2
0
1
0
2
516
2
0
499
0
2
1
1
1
2
1
2
480
1
2
523
1
471
480
476
0
0
1
1
1
2
0
3
2
1
0
484
500
0
2
476
0
1
475
1
2
1
0
0
1
0
0
1
0
2
2
1
0
2
1
3
2
0
490
1
523
2
0
470
0
2
0
2
2
2
1
1
2
502
2
468
503
503
1
0
2
1
479
477
520
1
513
3
510
0
0
2
476
3
486
2
3
0
531
477
1
2
1
1
1
0
0
1
476
1
1
2
473
2
2
484
1
2
2
2
2
2
1
0
3
2
1
3
0
1
469
1
3
2
2
2
0
484
1
2
494
2
1
1
1
3
479
485
0
1
1
479
2
1
2
1
0
1
2
1
2
1
521
2
2
2
1
492
2
1
2
556
2
473
1
498
2
2
1
478
2
481
501
2
1
2
0
1
1
1
1
0
476
2
2
2
483
1
2
488
479
0
3
2
1
2
2
1
0
1
2
0
1
0
2
2
1
512
489
2
2
532
0
0
1
502
2
1
1
481
2
2
510
1
2
475
2
3
3
1
0
0
2
2
2
0
2
1
0
3
2
0
0
0
2
2
2
473
0
476
0
3
1
2
2
0
0
500
2
2
0
484
2
2
3
2
2
0
0
0
0
2
0
2
0
1
1
493
0
499
497
2
2
505
2
1
1
26
29
3
2
8
8
3
2
3
500
1
481
0
0
486
2
3
2
473
1
496
0
2
0
0
1
486
2
2
465
477
2
2
1
0
3
2
489
2
2
1
484
0
485
472
1
1
0
475
479
1
1
0
1
0
1
2
0
3
491
1
1
470
492
2
2
1
0
0
1
2
2
0
2
494
2
517
2
2
0
1
2
494
2
2
2
2
503
2
477
2
0
486
3
2
2
2
2
2
2
0
3
2
503
474
1
2
2
0
488
473
487
2
49
0
1
1
571
482
1
2
2
2
0
2
494
502
486
472
501
1
0
1
1
1
2
492
0
508
2
0
2
2
2
2
2
479
2
1
1
1
0
3
1
2
0
491
1
484
0
2
0
1
482
493
2
2
479
497
2
1
1
0
1
2
1
496
2
2
477
1
483
476
489
1
2
