541
487
481
481
524
474
477
509
2
482
478
2
489
502
505
498
490
504
494
490
482
489
476
494
525
3
492
502
488
3
499
0
486
492
479
492
477
511
486
475
478
473
2
17
13
483
1
488
495
509
500
481
496
491
474
475
2
3
2
497
3
2
480
1
1
2
510
478
2
3
489
0
0
470
472
2
489
499
2
3
482
2
1
0
1
469
476
3
1
2
2
1
0
3
492
3
479
482
2
1
2
3
508
501
478
495
1
501
0
3
3
2
504
2
484
2
477
485
2
493
3
0
1
1
2
501
490
1
1
485
498
3
1
1
1
2
2
1
0
2
2
3
486
478
2
471
3
1
527
512
1
3
481
489
2
475
503
486
2
493
2
1
473
2
1
1
0
1
3
1
482
3
0
2
1
2
3
501
2
1
1
1
1
0
503
1
2
0
3
519
483
2
2
0
2
3
3
2
3
514
3
1
501
2
2
1
2
466
2
493
524
3
1
502
3
477
3
2
1
3
2
1
4
3
1
496
2
2
2
2
1
2
480
0
3
4
3
1
2
3
2
3
0
3
1
1
2
3
2
0
1
3
3
3
482
3
2
2
1
484
3
2
3
2
2
2
1
2
2
2
0
2
3
2
485
2
3
2
2
1
3
1
2
3
3
2
1
0
2
2
3
1
3
2
3
0
1
519
2
3
479
3
3
1
3
0
2
2
0
1
1
2
2
3
0
0
492
2
0
1
2
2
2
2
2
0
2
2
1
737
1
0
3
2
2
3
3
2
2
3
2
3
3
2
3
3
4
2
2
1
1
492
2
2
0
477
2
3
0
3
2
0
3
540
0
1
2
3
3
0
2
3
2
3
2
1
3
3
2
2
2
3
4
1
2
3
2
3
485
3
2
3
1
2
1
1
3
483
2
2
2
2
1
2
0
2
0
2
1
3
3
2
0
1
0
1
2
2
2
2
3
0
1
2
2
0
581
501
2
1
2
1
2
2
0
0
0
0
0
0
2
474
1
2
1
3
2
1
0
0
3
1
3
1
1
2
2
1
2
2
3
2
1
0
489
2
2
3
0
2
2
2
2
2
3
3
2
3
2
2
496
1
2
0
0
0
1
2
2
3
0
0
1
3
2
1
0
1
0
2
1
0
2
0
2
3
3
1
1
2
2
2
2
1
3
0
3
2
2
497
3
0
3
2
2
1
0
472
2
3
2
3
3
2
496
2
2
2
3
1
2
3
488
2
2
2
2
2
3
3
0
0
498
2
2
1
1
1
3
3
3
1
1
2
3
3
2
3
0
2
1
3
514
1
487
1
4
3
2
2
2
0
3
3
1
1
2
478
0
3
3
2
3
0
0
2
2
3
2
2
2
0
2
2
2
0
2
2
2
64
3
0
479
2
2
0
1
2
2
1
2
4
1
1
1
2
1
3
0
0
3
2
3
479
2
3
2
497
2
1
0
2
1
0
480
2
2
2
475
0
1
508
0
3
521
2
3
2
3
0
1
476
2
2
1
3
0
2
0
1
1
1
0
0
1
2
2
2
1
3
0
2
3
1
0
2
0
2
2
503
2
1
2
2
0
0
3
2
2
2
3
1
2
2
2
2
3
2
1
484
3
1
503
0
2
1
2
2
3
497
3
497
2
2
2
2
2
2
1
3
0
0
1
2
2
2
506
3
1
2
1
0
1
0
0
1
2
3
2
2
2
1
500
2
2
3
1
1
0
1
493
1
2
1
1
2
1
0
1
3
2
483
0
2
2
0
2
1
3
3
0
0
1
2
2
2
0
506
2
2
3
1
2
2
2
3
2
0
2
3
1
3
489
2
484
0
1
2
1
2
2
2
3
2
1
2
1
2
3
3
2
2
2
2
1
2
1
2
0
1
2
0
2
3
2
3
2
0
3
0
2
2
1
2
0
1
3
1
1
2
2
2
0
2
2
3
3
1
2
1
0
1
1
0
4
4
1
3
3
1
3
1
0
1
3
2
2
2
0
479
2
3
3
3
0
2
0
0
2
0
0
482
480
1
3
3
495
2
3
3
2
2
2
2
2
2
2
1
2
493
2
495
1
2
1
2
2
2
3
476
490
1
1
0
1
0
0
2
1
2
507
0
3
3
2
0
2
499
0
2
1
0
2
2
2
0
2
2
1
2
3
1
1
2
2
3
1
482
3
1
2
3
487
3
3
0
1
4
2
507
3
0
1
1
2
2
1
1
1
30
27
16
2
2
2
14
494
523
1
3
495
2
2
1
1
2
0
2
3
2
1
2
2
0
3
2
531
468
0
2
1
1
2
477
2
2
2
1
2
492
1
2
1
1
2
0
2
2
2
2
2
1
1
2
3
2
1
2
3
0
2
1
3
0
3
0
2
0
480
510
2
2
0
3
0
0
1
2
477
0
3
1
0
1
2
1
0
0
2
2
2
0
1
2
3
1
2
2
0
1
2
2
2
3
0
1
2
1
2
2
1
2
2
484
2
2
2
2
1
3
2
2
0
2
2
2
3
1
2
2
1
2
514
2
3
2
2
0
0
0
1
1
1
3
4
506
3
1
1
3
2
1
485
491
3
3
0
3
2
2
485
2
3
2
1
3
1
0
1
0
1
2
495
2
1
0
0
2
2
1
1
3
475
0
2
2
2
2
1
1
1
1
2
2
2
2
2
2
2
2
2
2
2
2
2
2
2
3
2
3
2
1
2
1
487
2
2
3
1
0
2
489
1
2
2
1
2
3
2
2
1
0
2
2
0
3
3
63
1
2
480
2
1
0
2
1
0
2
1
2
1
0
2
0
494
1
3
0
2
2
2
3
1
0
2
1
504
0
500
3
0
2
2
3
2
1
0
2
3
0
2
2
473
3
2
520
0
1
2
2
2
2
2
0
0
2
1
2
2
4
480
2
2
2
2
0
2
2
0
2
2
1
2
487
3
1
0
496
2
2
0
2
1
1
2
2
2
2
485
2
474
1
3
2
3
2
0
0
1
2
2
3
0
0
2
479
531
2
2
2
1
2
1
1
3
1
504
3
0
1
2
0
0
4
2
2
0
1
2
2
3
470
0
3
2
1
3
3
2
2
2
0
3
2
3
2
1
2
0
0
2
2
3
3
0
2
2
1
0
3
0
0
3
2
2
2
1
2
3
2
2
0
3
1
0
3
0
3
2
0
0
1
1
3
3
511
1
1
1
2
0
2
3
2
1
2
2
2
1
489
2
3
1
2
2
2
3
497
2
2
0
0
1
2
0
3
2
2
2
3
2
2
3
470
2
3
2
3
0
3
3
2
3
2
2
494
2
2
1
2
2
1
0
0
2
3
3
2
2
1
2
3
2
4
2
1
0
0
2
1
2
2
1
3
494
1
1
1
2
0
0
0
1
2
0
2
2
2
0
2
0
2
2
3
3
2
1
2
489
2
3
486
2
1
1
2
3
2
2
0
2
2
2
1
2
2
0
2
1
0
45
21
5
3
3
21
0
3
2
2
3
2
2
0
0
2
2
3
2
3
0
2
1
2
3
2
0
1
0
1
2
3
3
2
1
2
0
3
2
2
2
0
2
1
3
2
2
2
3
3
2
0
2
3
2
2
2
3
3
2
475
1
2
2
2
2
2
1
2
2
490
471
2
2
3
1
1
2
0
1
0
1
2
1
2
1
482
1
3
1
0
477
512
2
481
0
3
3
2
2
0
2
1
0
1
2
0
3
1
2
2
3
0
3
2
3
2
0
0
1
2
2
2
3
2
2
1
2
2
23
45
2
2
486
0
1
1
2
2
2
1
3
1
1
0
2
2
1
2
2
3
483
2
1
2
2
2
3
2
1
2
2
2
1
491
3
2
0
3
3
2
0
1
0
2
2
2
3
3
475
0
1
1
2
2
2
2
2
1
2
2
2
2
0
478
3
1
2
1
2
1
1
3
2
2
1
2
1
3
2
0
2
2
2
2
504
3
1
2
1
2
2
1
3
2
2
1
2
2
2
3
3
2
2
1
2
3
2
2
2
2
2
2
2
1
2
1
1
2
2
2
495
2
2
3
2
2
0
1
2
1
1
1
2
1
2
1
498
499
2
1
2
3
1
2
2
2
2
0
0
2
1
2
3
0
484
3
3
3
2
2
2
3
0
0
1
522
2
1
2
0
0
0
2
1
2
0
3
2
523
3
2
1
479
0
3
3
2
2
0
2
0
3
484
2
525
3
2
2
2
2
0
1
2
1
480
2
2
0
2
2
1
3
2
1
2
2
2
1
2
0
0
2
2
3
1
486
2
1
2
2
2
480
2
510
525
2
2
2
0
3
0
0
2
2
0
2
2
2
3
3
2
3
2
1
2
3
2
3
2
2
2
2
1
2
0
480
475
3
1
0
0
2
0
0
1
3
2
492
2
3
1
2
2
2
2
1
2
3
2
2
3
0
2
1
2
2
1
2
2
1
3
2
2
2
3
3
2
2
2
477
1
2
2
2
0
2
0
476
3
2
0
485
1
2
2
2
2
2
3
2
0
2
0
3
492
2
3
1
2
3
2
2
2
2
1
2
0
2
2
1
2
1
0
2
1
475
3
2
2
2
0
1
0
2
3
2
2
2
1
2
480
2
0
3
2
2
0
2
1
0
1
2
0
468
3
1
0
2
1
2
2
1
2
3
2
476
2
1
2
2
2
2
1
2
2
2
2
2
1
0
2
0
3
3
2
2
2
2
3
3
2
4
2
3
0
2
0
4
2
0
2
0
2
2
1
3
17
46
4
0
0
2
2
3
2
2
22
2
2
2
2
1
3
2
2
1
2
1
2
3
488
2
1
1
0
2
0
3
2
0
1
2
2
1
0
2
2
3
2
2
1
2
0
0
1
2
3
2
3
0
2
2
2
1
492
0
3
0
2
3
2
4
2
0
0
0
1
2
3
3
0
0
2
2
0
470
3
2
1
1
0
2
2
0
0
2
3
2
2
512
3
2
2
3
3
2
2
2
2
2
3
2
0
3
0
1
2
495
2
3
483
0
2
3
3
2
3
2
2
2
2
1
2
3
2
2
3
2
2
1
2
494
2
1
0
2
2
2
2
0
2
1
2
3
2
3
2
2
2
2
2
3
3
3
2
2
1
2
1
0
2
486
1
2
2
0
1
0
464
0
1
2
4
2
2
2
2
2
2
3
3
2
479
2
3
1
2
1
0
2
497
1
1
2
2
2
2
2
3
478
1
2
2
1
1
1
1
1
0
4
2
0
0
2
2
494
2
1
0
2
0
0
2
3
2
2
1
2
0
3
495
0
3
1
2
3
2
0
1
0
2
1
2
1
1
2
0
3
0
3
2
2
3
2
2
2
1
1
1
2
2
475
2
2
3
498
0
2
2
2
2
1
0
2
2
2
2
2
1
2
0
2
2
2
2
2
2
0
2
1
3
0
1
0
2
2
2
2
2
2
1
2
474
2
2
2
0
2
2
0
2
1
2
0
2
4
2
1
2
1
2
0
2
3
0
2
2
2
2
0
1
3
3
1
0
2
2
2
1
2
2
3
3
2
0
1
481
491
2
3
1
0
2
2
2
1
0
3
1
2
2
2
2
2
2
3
0
0
0
2
2
1
0
0
2
1
2
3
2
0
0
2
1
2
2
2
1
3
0
1
2
1
2
0
1
63
2
2
482
2
3
2
0
0
2
0
2
0
3
0
3
3
493
2
3
1
1
1
2
0
532
2
1
3
0
1
3
2
2
2
486
478
0
1
2
2
2
2
1
2
2
2
1
0
1
0
2
3
2
1
2
515
0
3
1
2
2
2
0
2
495
2
2
0
1
3
2
2
2
1
0
2
1
2
4
3
2
3
497
2
3
3
3
2
2
2
3
1
507
2
1
478
1
501
498
2
1
2
1
0
3
3
0
4
1
2
1
2
2
2
2
3
2
1
2
2
0
3
2
3
3
0
478
2
2
1
0
2
2
2
0
0
3
2
0
2
1
0
2
2
2
2
2
2
3
2
2
2
3
2
2
2
1
2
2
3
2
2
2
2
492
2
1
1
2
2
2
1
2
3
0
2
2
0
1
2
0
2
2
1
488
503
481
2
2
1
3
2
1
0
2
2
1
471
3
0
3
3
0
2
1
1
0
2
2
0
2
2
2
2
495
2
2
2
2
2
2
2
1
2
487
1
2
3
2
1
2
0
0
0
1
0
2
0
2
2
1
0
491
3
478
2
3
3
2
2
0
2
1
2
2
483
1
504
496
2
2
2
2
2
1
2
2
0
489
2
2
2
2
3
4
505
2
2
0
0
0
2
2
2
1
3
2
2
2
2
2
2
3
2
472
2
2
3
1
0
2
2
2
1
2
2
3
2
2
1
2
2
2
2
3
2
2
2
2
2
1
1
0
4
2
0
2
1
2
2
0
1
3
2
2
1
2
2
2
3
0
1
3
2
1
0
0
2
1
2
2
480
2
0
1
2
1
2
492
2
2
1
522
2
2
2
2
0
2
3
2
2
3
2
2
2
2
482
1
1
2
1
2
2
0
2
1
2
2
2
2
1
0
480
3
2
2
3
2
0
0
2
2
2
2
484
2
2
2
2
2
1
3
0
0
0
0
1
0
0
1
0
2
1
1
0
2
2
0
1
0
0
2
0
1
0
3
2
0
2
2
1
0
2
0
0
1
2
2
3
474
2
2
2
1
0
517
507
0
3
1
0
1
3
2
2
1
0
1
2
0
2
3
2
0
2
1
2
3
0
2
2
2
0
1
2
1
2
0
1
490
2
0
2
2
0
2
2
0
3
3
2
3
2
2
3
3
2
499
2
0
2
2
1
0
0
3
2
0
2
488
493
2
2
2
3
2
2
0
2
1
2
1
2
3
2
2
2
2
1
2
2
3
3
2
0
3
2
1
0
3
2
1
1
2
3
1
2
0
2
2
2
0
1
2
2
2
0
2
2
468
0
1
3
0
1
1
2
2
1
3
2
2
2
2
0
1
2
2
2
2
467
2
2
1
2
3
2
1
2
2
1
2
0
0
3
0
2
2
2
4
493
2
1
3
3
2
1
2
2
2
2
487
0
2
0
3
2
478
2
1
2
1
3
2
2
2
0
476
2
2
2
0
2
474
0
3
482
1
2
0
0
1
506
479
2
3
2
3
2
2
2
1
0
2
2
1
0
2
2
0
2
1
493
2
2
497
2
2
2
0
2
1
1
2
2
0
2
2
2
2
1
1
1
0
1
1
1
2
1
0
2
1
0
3
2
0
2
462
1
3
474
485
2
3
1
2
2
1
1
502
3
2
1
0
480
526
2
0
1
0
1
3
2
0
482
1
2
1
1
2
3
2
2
2
2
0
2
2
2
2
1
489
469
2
496
2
2
1
0
2
2
2
4
2
0
1
0
3
2
2
0
3
3
2
2
1
0
1
2
2
1
2
2
3
2
2
2
2
3
490
3
1
1
2
0
1
1
1
1
0
2
3
0
2
2
1
0
0
2
1
2
2
1
0
2
3
2
1
2
501
2
488
2
492
2
3
1
1
0
3
2
2
2
2
3
0
2
2
2
2
2
2
2
0
2
1
1
3
0
2
1
0
0
3
2
3
2
2
493
2
3
1
3
491
2
478
1
1
2
1
1
2
1
2
2
470
517
2
2
2
3
0
3
0
0
2
3
2
3
3
4
2
523
0
4
1
1
3
4
3
2
0
3
2
1
4
3
3
2
0
1
2
2
2
0
3
3
1
0
3
2
3
1
1
3
3
490
3
2
0
3
1
485
0
2
1
2
3
2
2
3
0
3
3
2
2
2
3
2
3
2
2
2
2
2
478
2
489
2
2
521
3
2
2
2
2
4
3
0
0
0
3
3
44
29
4
3
3
1
2
3
3
0
0
2
2
2
1
2
3
3
32
2
2
3
0
5
2
0
2
2
2
3
2
3
2
2
0
2
2
1
2
2
1
1
2
2
1
2
1
2
1
2
2
2
2
0
474
3
493
4
1
2
3
479
2
2
0
3
1
0
2
2
545
2
515
2
472
1
2
1
2
3
1
2
2
2
2
4
0
1
2
1
2
2
3
3
2
0
1
2
1
2
2
2
2
0
2
3
3
0
2
0
2
2
0
2
1
2
2
2
3
489
2
1
3
2
1
0
0
1
2
2
2
2
1
2
2
0
1
2
0
2
2
2
2
2
1
1
2
472
2
2
2
2
1
1
2
3
2
1
1
2
1
2
2
3
1
0
2
2
2
2
2
3
2
480
2
2
2
2
0
2
2
2
505
2
3
2
497
2
2
0
0
1
0
2
1
2
2
2
3
2
505
1
1
470
2
0
2
2
3
0
2
3
2
2
2
1
498
0
3
2
3
2
501
0
2
1
2
2
0
479
0
3
2
2
1
1
2
1
1
2
1
0
1
0
2
1
1
3
2
503
2
3
0
527
2
1
2
476
3
2
2
2
1
3
2
0
2
2
2
2
0
485
2
2
2
1
2
2
2
2
2
2
2
2
1
2
2
3
2
3
489
2
2
1
2
2
2
2
2
1
3
0
2
2
2
2
0
3
519
2
2
482
2
1
1
1
3
3
1
2
1
2
0
0
42
23
6
0
2
2
2
2
2
525
0
1
0
0
2
1
0
1
501
2
2
3
2
1
489
1
2
2
2
1
1
2
2
2
1
2
0
1
1
1
2
1
1
3
0
3
476
0
611
1
2
1
2
1
0
1
0
1
496
2
2
3
2
1
1
0
0
2
0
2
3
486
2
3
3
492
0
1
2
0
2
479
506
2
3
2
3
2
2
3
2
0
2
3
0
0
2
3
0
2
0
2
2
3
3
0
2
2
2
2
2
2
1
2
2
1
0
0
2
1
0
1
2
2
3
2
2
2
1
2
2
0
2
503
3
2
0
0
4
2
0
0
2
2
0
0
1
2
0
2
499
520
0
2
2
1
2
1
1
2
2
1
2
1
1
1
2
0
477
1
3
3
2
1
2
0
1
1
1
1
2
2
3
2
2
2
489
2
3
2
0
1
1
475
2
2
1
1
3
2
0
2
0
1
2
1
2
2
2
2
0
1
0
1
0
1
2
2
1
0
499
0
1
2
3
0
3
2
2
2
3
2
0
2
2
2
0
2
0
2
3
2
2
2
2
524
480
2
480
2
1
2
2
0
1
2
2
1
2
2
2
1
2
1
2
1
0
2
2
3
2
0
1
2
2
1
2
3
2
1
2
485
2
3
2
2
0
2
2
0
2
2
2
3
1
2
1
1
2
1
2
1
3
3
2
2
505
3
3
2
2
0
2
2
2
1
1
4
489
1
2
2
2
2
3
1
506
2
0
1
0
2
1
2
0
2
3
1
1
2
0
2
479
2
2
2
508
2
3
0
3
1
1
1
0
2
1
1
0
0
1
3
499
2
2
2
0
0
0
2
0
2
2
1
2
2
0
0
1
0
0
1
0
2
1
2
0
0
2
2
2
2
2
0
0
3
1
1
2
1
0
2
0
2
2
2
1
51
19
2
2
2
2
12
1
0
506
2
2
2
1
3
1
3
3
497
2
1
2
1
2
0
1
0
0
2
2
2
2
0
1
2
1
0
1
511
1
0
3
3
1
485
0
3
1
0
1
2
3
1
2
2
2
2
2
2
1
2
3
2
0
0
2
502
2
2
1
2
2
2
2
2
3
1
0
1
2
0
2
481
0
3
1
3
2
2
2
3
2
3
0
1
2
2
3
0
1
0
1
0
3
2
2
1
2
0
0
0
0
2
2
0
2
2
34
38
1
0
3
1
2
2
0
0
2
12
6
4
477
0
1
3
2
2
1
2
507
2
0
0
3
2
1
2
2
3
2
1
3
2
2
2
2
493
2
3
2
2
3
2
0
1
1
2
2
1
2
2
3
1
2
500
1
0
510
3
2
1
3
3
2
1
2
0
2
2
3
3
2
2
0
2
2
480
1
1
2
1
2
2
2
497
2
3
1
1
3
3
2
2
2
0
1
3
1
2
478
2
2
1
2
1
0
2
1
3
2
495
1
2
2
2
2
2
482
0
1
2
1
2
2
2
3
1
0
1
2
0
2
2
2
3
1
1
2
2
2
501
534
0
3
2
486
1
507
1
0
2
0
2
1
2
1
3
3
2
486
3
2
1
0
1
2
2
2
478
2
3
3
0
2
497
1
2
2
3
3
2
1
35
30
2
2
0
1
2
15
7
2
4
1
2
4
2
2
3
0
3
2
2
2
0
0
620
0
3
2
2
2
2
0
1
2
2
0
489
488
2
2
2
3
2
3
2
1
1
2
0
1
1
3
2
1
0
2
1
499
2
3
0
2
0
1
1
2
2
0
2
2
1
3
0
1
1
1
0
0
3
2
2
0
1
2
2
0
2
1
1
0
1
0
2
2
2
2
2
1
1
0
2
2
2
2
2
3
2
2
3
1
0
2
498
2
3
0
492
22
3
2
2
482
2
475
2
1
2
3
0
3
2
1
1
1
0
2
0
1
3
2
499
2
2
1
2
1
0
488
2
2
2
2
0
2
1
1
2
1
1
2
2
2
2
2
0
2
3
4
2
2
481
2
0
2
2
0
0
2
2
2
2
2
512
3
1
1
0
1
3
1
24
2
0
3
2
2
2
1
1
1
0
2
1
0
2
3
2
2
1
1
2
2
2
1
3
2
2
0
1
2
2
2
3
2
2
0
2
1
2
0
3
492
2
0
3
473
2
2
3
2
0
509
2
1
2
0
0
0
0
1
2
1
2
0
1
0
0
3
3
2
2
2
0
2
2
3
2
2
2
1
3
2
3
1
1
3
2
1
2
2
2
3
3
2
2
2
2
0
0
3
0
3
2
2
0
3
2
1
0
0
2
2
537
3
2
3
3
2
2
2
2
501
2
2
2
0
2
0
2
1
2
0
2
2
476
2
1
0
3
2
2
1
1
2
2
0
2
2
1
3
3
2
0
0
2
1
0
2
469
3
2
1
1
2
2
0
2
2
1
4
2
0
2
1
1
1
1
3
4
3
0
3
2
2
5
2
1
0
0
1
3
5
3
2
2
3
0
3
1
3
1
2
0
495
1
3
2
514
2
2
2
2
2
0
0
2
2
2
2
0
3
2
3
2
2
2
2
1
2
517
3
2
2
29
21
20
2
2
3
2
2
2
0
1
23
2
516
1
1
2
3
2
2
495
0
2
1
2
2
479
2
2
2
1
1
0
2
1
2
0
2
2
1
2
481
0
0
498
0
2
0
2
1
1
0
2
0
1
1
2
2
2
2
2
0
2
0
488
2
2
2
1
2
0
2
1
